                                                                  
                                                                  
                                                                  
                               1 1 1                              
                             1 1 1 1 1                            
                           1 1 1 1 1 1 1                          
                         1 1 1 1 1 1 1 1 1                        
                       1 1 1 1 1 1 1 1 1 1 1                      
                     1 1 1 1 1 1 1 1 1 1 1 1 1                    
                     1 1 1 1 1 1 1 1 1 1 1 1 1                    
                                 1                                
                                 1                                
                                 1                                
                     2 2 2 2 2 1 1 1 1 1 1 1 1                    
                     2 2 2 2 1 1 1 1 1 1 1 1 1                    
                       2 2 1 1 1 1 1 1 1 1 1                      
                           1 1 1 1 1 1 1                          
                             1 1 1 1 1                            
                               1 1 1                              
                               1 1 1                              
                                                                  
                                                                  
EQAry up to newLabel after pass 1: 
index:  0  1  2 
label:  0  1  1 
                                                                  
                                                                  
                                                                  
                               1 1 1                              
                             1 1 1 1 1                            
                           1 1 1 1 1 1 1                          
                         1 1 1 1 1 1 1 1 1                        
                       1 1 1 1 1 1 1 1 1 1 1                      
                     1 1 1 1 1 1 1 1 1 1 1 1 1                    
                     1 1 1 1 1 1 1 1 1 1 1 1 1                    
                                 1                                
                                 1                                
                                 1                                
                     1 1 1 1 1 1 1 1 1 1 1 1 1                    
                     1 1 1 1 1 1 1 1 1 1 1 1 1                    
                       1 1 1 1 1 1 1 1 1 1 1                      
                           1 1 1 1 1 1 1                          
                             1 1 1 1 1                            
                               1 1 1                              
                               1 1 1                              
                                                                  
                                                                  
EQAry up to newLabel after pass 2: 
index:  0  1  2 
label:  0  1  1 

EQAry up to newLabel after manageEQAry: 
index:  0  1  2 
label:  0  1  1 
                                                                  
                                                                  
                                                                  
                               1 1 1                              
                             1 1 1 1 1                            
                           1 1 1 1 1 1 1                          
                         1 1 1 1 1 1 1 1 1                        
                       1 1 1 1 1 1 1 1 1 1 1                      
                     1 1 1 1 1 1 1 1 1 1 1 1 1                    
                     1 1 1 1 1 1 1 1 1 1 1 1 1                    
                                 1                                
                                 1                                
                                 1                                
                     1 1 1 1 1 1 1 1 1 1 1 1 1                    
                     1 1 1 1 1 1 1 1 1 1 1 1 1                    
                       1 1 1 1 1 1 1 1 1 1 1                      
                           1 1 1 1 1 1 1                          
                             1 1 1 1 1                            
                               1 1 1                              
                               1 1 1                              
                                                                  
                                                                  

EQAry up to newLabel after pass3: 
index:  0  1  2 
label:  0  1  1 
                                                                  
                                                                  
                                                                  
                     1 1 1 1 1 1 1 1 1 1 1 1 1                    
                     1       1 1 1 1 1       1                    
                     1     1 1 1 1 1 1 1     1                    
                     1   1 1 1 1 1 1 1 1 1   1                    
                     1 1 1 1 1 1 1 1 1 1 1 1 1                    
                     1 1 1 1 1 1 1 1 1 1 1 1 1                    
                     1 1 1 1 1 1 1 1 1 1 1 1 1                    
                     1           1           1                    
                     1           1           1                    
                     1           1           1                    
                     1 1 1 1 1 1 1 1 1 1 1 1 1                    
                     1 1 1 1 1 1 1 1 1 1 1 1 1                    
                     1 1 1 1 1 1 1 1 1 1 1 1 1                    
                     1     1 1 1 1 1 1 1     1                    
                     1       1 1 1 1 1       1                    
                     1         1 1 1         1                    
                     1 1 1 1 1 1 1 1 1 1 1 1 1                    
                                                                  
                                                                  
