45 45 0 62
2 2 2 2 8 2 2 2 2 8 2 2 2 2 8 2 2 2 2 8 32 32 30 30 8 2 2 2 2 8 2 2 2 2 8 2 2 2 2 8 2 2 2 2 0 
2 2 2 2 8 2 2 2 2 8 2 2 2 2 8 2 2 2 2 29 33 4 2 30 38 2 2 2 2 8 2 2 2 2 8 2 2 2 2 8 2 2 2 2 0 
2 2 2 2 8 2 2 2 2 8 2 2 2 2 8 2 2 2 32 31 3 4 2 2 38 30 2 2 2 8 2 2 2 2 8 2 2 2 2 8 2 2 2 2 0 
2 2 2 2 8 2 2 2 2 8 2 2 2 2 8 2 2 32 32 8 2 2 2 2 8 30 30 2 2 8 2 2 2 2 8 2 2 2 2 8 2 2 2 2 0 
2 2 2 2 8 2 2 2 2 8 2 2 2 2 8 2 32 32 2 8 2 2 2 2 8 2 30 30 2 8 2 2 2 2 8 2 2 2 2 8 2 2 2 2 0 
2 2 2 2 8 2 2 2 2 8 2 2 2 2 8 32 32 2 2 8 2 2 2 2 8 2 2 30 30 8 2 2 2 2 8 2 2 2 2 8 2 2 2 2 0 
2 2 2 2 8 2 2 2 32 60 60 60 60 60 60 32 2 2 2 8 2 2 2 2 8 2 2 2 30 60 60 60 60 60 60 30 2 2 2 8 2 2 2 2 0 
2 2 2 2 8 2 2 2 62 8 2 2 2 2 8 2 2 2 2 8 2 2 2 2 8 2 2 2 2 8 2 2 2 2 8 58 2 2 2 8 2 2 2 2 0 
2 2 2 2 8 2 2 2 62 8 2 2 2 2 8 2 2 2 2 8 2 2 2 2 8 2 2 2 2 8 2 2 2 2 8 58 2 2 2 8 2 2 2 2 0 
2 2 2 2 8 2 2 2 62 8 2 2 2 2 8 2 2 2 2 8 2 2 2 2 8 2 2 2 2 8 2 2 2 2 8 58 2 2 2 8 2 2 2 2 0 
2 2 2 2 8 2 2 2 62 8 2 2 2 2 8 2 2 2 2 8 2 2 2 2 8 2 2 2 2 8 2 2 2 2 8 58 2 2 2 8 2 2 2 2 0 
2 2 2 2 8 2 2 2 62 8 2 2 2 2 8 2 2 2 2 8 2 2 2 2 8 2 2 2 2 8 2 2 2 2 8 58 2 2 2 8 2 2 2 2 0 
2 2 2 2 8 2 2 2 62 8 2 2 2 2 8 2 2 2 2 8 2 2 2 2 8 2 2 2 2 8 2 2 2 2 8 58 2 2 2 8 2 2 2 2 0 
2 2 2 2 8 2 2 32 32 8 2 2 2 2 8 2 2 2 2 8 2 2 2 2 8 2 2 2 2 8 2 2 2 2 8 30 30 2 2 8 2 2 2 2 0 
2 2 2 2 8 2 32 32 2 8 2 2 2 2 8 2 2 2 2 8 2 2 2 2 8 2 2 2 2 8 2 2 2 2 8 2 30 30 2 8 2 2 2 2 0 
2 2 2 2 8 32 32 2 2 8 2 2 2 2 8 2 2 2 2 8 2 2 2 2 8 2 2 2 2 8 2 2 2 2 8 2 2 30 30 8 2 2 2 2 0 
2 2 2 2 30 32 2 2 2 8 2 2 2 2 8 2 2 2 2 8 2 2 2 2 8 2 2 2 2 8 2 2 2 2 8 2 2 2 30 38 2 2 2 2 0 
2 2 2 32 30 2 2 2 2 8 2 2 2 2 8 2 2 2 2 8 2 2 2 2 8 2 2 2 2 8 2 2 2 2 8 2 2 2 2 38 30 2 2 2 0 
2 2 32 32 8 2 2 2 2 8 2 2 2 2 8 2 2 2 2 8 2 2 2 2 8 2 2 2 2 8 2 2 2 2 8 2 2 2 2 8 30 30 2 2 0 
2 32 32 2 8 2 2 2 2 8 2 2 2 2 8 2 2 2 2 8 2 2 2 2 8 2 2 2 2 8 2 2 2 2 8 2 2 2 2 8 2 30 30 2 0 
32 32 2 2 8 2 2 2 2 8 2 2 2 2 8 2 2 2 2 8 2 2 2 2 8 2 2 2 2 8 2 2 2 2 8 2 2 2 2 8 2 2 30 30 0 
32 2 2 2 8 2 2 2 2 8 2 2 2 2 8 2 2 2 2 8 2 2 2 2 8 2 2 2 2 8 2 2 2 2 8 2 2 2 2 8 2 2 2 30 60 
32 2 2 2 8 2 2 2 2 8 2 2 2 2 8 2 2 2 2 8 2 2 2 2 8 2 2 2 2 8 2 2 2 2 8 2 2 2 2 8 2 2 2 30 60 
32 32 2 2 8 2 2 2 2 8 2 2 2 2 8 2 2 2 2 8 2 2 2 2 8 2 2 2 2 8 2 2 2 2 8 2 2 2 2 8 2 2 30 30 0 
2 32 32 2 8 2 2 2 2 8 2 2 2 2 8 2 2 2 2 8 2 2 2 2 8 2 2 2 2 8 2 2 2 2 8 2 2 2 2 8 2 30 30 2 0 
2 2 32 32 8 2 2 2 2 8 2 2 2 2 8 2 2 2 2 8 2 2 2 2 8 2 2 2 2 8 2 2 2 2 8 2 2 2 2 8 30 30 2 2 0 
2 2 2 32 30 2 2 2 2 8 2 2 2 2 8 2 2 2 2 8 2 2 2 2 8 2 2 2 2 8 2 2 2 2 8 2 2 2 2 38 30 2 2 2 0 
2 2 2 2 30 32 2 2 2 8 2 2 2 2 8 2 2 2 2 8 2 2 2 2 8 2 2 2 2 8 2 2 2 2 8 2 2 2 30 38 2 2 2 2 0 
2 2 2 2 8 32 32 2 2 8 2 2 2 2 8 2 2 2 2 8 2 2 2 2 8 2 2 2 2 8 2 2 2 2 8 2 2 30 30 8 2 2 2 2 0 
2 2 2 2 8 2 32 32 2 8 2 2 2 2 8 2 2 2 2 8 2 2 2 2 8 2 2 2 2 8 2 2 2 2 8 2 30 30 2 8 2 2 2 2 0 
2 2 2 2 8 2 2 32 32 8 2 2 2 2 8 2 2 2 2 8 2 2 2 2 8 2 2 2 2 8 2 2 2 2 8 30 30 2 2 8 2 2 2 2 0 
2 2 2 2 8 2 2 2 62 8 2 2 2 2 8 2 2 2 2 8 2 2 2 2 8 2 2 2 2 8 2 2 2 2 8 58 2 2 2 8 2 2 2 2 0 
2 2 2 2 8 2 2 2 62 8 2 2 2 2 8 2 2 2 2 8 2 2 2 2 8 2 2 2 2 8 2 2 2 2 8 58 2 2 2 8 2 2 2 2 0 
2 2 2 2 8 2 2 2 62 8 2 2 2 2 8 2 2 2 2 8 2 2 2 2 8 2 2 2 2 8 2 2 2 2 8 58 2 2 2 8 2 2 2 2 0 
2 2 2 2 8 2 2 2 62 8 2 2 2 2 8 2 2 2 2 8 2 2 2 2 8 2 2 2 2 8 2 2 2 2 8 58 2 2 2 8 2 2 2 2 0 
2 2 2 2 8 2 2 2 62 8 2 2 2 2 8 2 2 2 2 8 2 2 2 2 8 2 2 2 2 8 2 2 2 2 8 58 2 2 2 8 2 2 2 2 0 
2 2 2 2 8 2 2 2 62 8 2 2 2 2 8 2 2 2 2 8 2 2 2 2 8 2 2 2 2 8 2 2 2 2 8 58 2 2 2 8 2 2 2 2 0 
2 2 2 2 8 2 2 2 32 60 60 60 60 60 60 32 2 2 2 8 2 2 2 2 8 2 2 2 30 60 60 60 60 60 60 30 2 2 2 8 2 2 2 2 0 
2 2 2 2 8 2 2 2 2 8 2 2 2 2 8 32 32 2 2 8 2 2 2 2 8 2 2 30 30 8 2 2 2 2 8 2 2 2 2 8 2 2 2 2 0 
2 2 2 2 8 2 2 2 2 8 2 2 2 2 8 2 32 32 2 8 2 2 2 2 8 2 30 30 2 8 2 2 2 2 8 2 2 2 2 8 2 2 2 2 0 
2 2 2 2 8 2 2 2 2 8 2 2 2 2 8 2 2 32 32 8 2 2 2 2 8 30 30 2 2 8 2 2 2 2 8 2 2 2 2 8 2 2 2 2 0 
2 2 2 2 8 2 2 2 2 8 2 2 2 2 8 2 2 2 32 30 2 2 2 2 38 30 2 2 2 8 2 2 2 2 8 2 2 2 2 8 2 2 2 2 0 
2 2 2 2 8 2 2 2 2 8 2 2 2 2 8 2 2 2 2 30 32 2 2 30 38 2 2 2 2 8 2 2 2 2 8 2 2 2 2 8 2 2 2 2 0 
2 2 2 2 8 2 2 2 2 8 2 2 2 2 8 2 2 2 2 8 32 32 30 30 8 2 2 2 2 8 2 2 2 2 8 2 2 2 2 8 2 2 2 2 0 
2 2 2 2 8 2 2 2 2 8 2 2 2 2 8 2 2 2 2 8 2 62 58 2 8 2 2 2 2 8 2 2 2 2 8 2 2 2 2 8 2 2 2 2 0 
