-------------------- RobertLeftDiag to pretty print file --------------------

1 1 1 1 4 1 1 1 1 4 1 1 1 1 4 1 1 1 1 4 31 31 1 1 4 1 1 1 1 4 1 1 1 1 4 1 1 1 1 4 1 1 1 1 0 
1 1 1 1 4 1 1 1 1 4 1 1 1 1 4 1 1 1 1 25 31 3 1 1 4 1 1 1 1 4 1 1 1 1 4 1 1 1 1 4 1 1 1 1 0 
1 1 1 1 4 1 1 1 1 4 1 1 1 1 4 1 1 1 31 26 2 1 1 1 4 1 1 1 1 4 1 1 1 1 4 1 1 1 1 4 1 1 1 1 0 
1 1 1 1 4 1 1 1 1 4 1 1 1 1 4 1 1 31 31 4 1 1 1 1 4 1 1 1 1 4 1 1 1 1 4 1 1 1 1 4 1 1 1 1 0 
1 1 1 1 4 1 1 1 1 4 1 1 1 1 4 1 31 31 1 4 1 1 1 1 4 1 1 1 1 4 1 1 1 1 4 1 1 1 1 4 1 1 1 1 0 
1 1 1 1 4 1 1 1 1 4 1 1 1 1 4 31 31 1 1 4 1 1 1 1 4 1 1 1 1 4 1 1 1 1 4 1 1 1 1 4 1 1 1 1 0 
1 1 1 1 4 1 1 1 31 26 31 31 31 31 26 31 1 1 1 4 1 1 1 1 4 1 1 1 1 26 31 31 31 31 26 1 1 1 1 4 1 1 1 1 0 
1 1 1 1 4 1 1 1 31 4 1 1 1 1 4 1 1 1 1 4 1 1 1 1 4 1 1 1 1 4 1 1 1 1 4 29 1 1 1 4 1 1 1 1 0 
1 1 1 1 4 1 1 1 31 4 1 1 1 1 4 1 1 1 1 4 1 1 1 1 4 1 1 1 1 4 1 1 1 1 4 29 1 1 1 4 1 1 1 1 0 
1 1 1 1 4 1 1 1 31 4 1 1 1 1 4 1 1 1 1 4 1 1 1 1 4 1 1 1 1 4 1 1 1 1 4 29 1 1 1 4 1 1 1 1 0 
1 1 1 1 4 1 1 1 31 4 1 1 1 1 4 1 1 1 1 4 1 1 1 1 4 1 1 1 1 4 1 1 1 1 4 29 1 1 1 4 1 1 1 1 0 
1 1 1 1 4 1 1 1 31 4 1 1 1 1 4 1 1 1 1 4 1 1 1 1 4 1 1 1 1 4 1 1 1 1 4 29 1 1 1 4 1 1 1 1 0 
1 1 1 1 4 1 1 1 31 4 1 1 1 1 4 1 1 1 1 4 1 1 1 1 4 1 1 1 1 4 1 1 1 1 4 29 1 1 1 4 1 1 1 1 0 
1 1 1 1 4 1 1 31 31 4 1 1 1 1 4 1 1 1 1 4 1 1 1 1 4 1 1 1 1 4 1 1 1 1 4 1 1 1 1 4 1 1 1 1 0 
1 1 1 1 4 1 31 31 1 4 1 1 1 1 4 1 1 1 1 4 1 1 1 1 4 1 1 1 1 4 1 1 1 1 4 1 1 1 1 4 1 1 1 1 0 
1 1 1 1 4 31 31 1 1 4 1 1 1 1 4 1 1 1 1 4 1 1 1 1 4 1 1 1 1 4 1 1 1 1 4 1 1 1 1 4 1 1 1 1 0 
1 1 1 1 26 31 1 1 1 4 1 1 1 1 4 1 1 1 1 4 1 1 1 1 4 1 1 1 1 4 1 1 1 1 4 1 1 1 1 4 1 1 1 1 0 
1 1 1 31 26 1 1 1 1 4 1 1 1 1 4 1 1 1 1 4 1 1 1 1 4 1 1 1 1 4 1 1 1 1 4 1 1 1 1 4 1 1 1 1 0 
1 1 31 31 4 1 1 1 1 4 1 1 1 1 4 1 1 1 1 4 1 1 1 1 4 1 1 1 1 4 1 1 1 1 4 1 1 1 1 4 1 1 1 1 0 
1 31 31 1 4 1 1 1 1 4 1 1 1 1 4 1 1 1 1 4 1 1 1 1 4 1 1 1 1 4 1 1 1 1 4 1 1 1 1 4 1 1 1 1 0 
31 31 1 1 4 1 1 1 1 4 1 1 1 1 4 1 1 1 1 4 1 1 1 1 4 1 1 1 1 4 1 1 1 1 4 1 1 1 1 4 1 1 1 1 0 
31 1 1 1 4 1 1 1 1 4 1 1 1 1 4 1 1 1 1 4 1 1 1 1 4 1 1 1 1 4 1 1 1 1 4 1 1 1 1 4 1 1 1 1 30 
1 1 1 1 4 1 1 1 1 4 1 1 1 1 4 1 1 1 1 4 1 1 1 1 4 1 1 1 1 4 1 1 1 1 4 1 1 1 1 4 1 1 1 29 30 
1 1 1 1 4 1 1 1 1 4 1 1 1 1 4 1 1 1 1 4 1 1 1 1 4 1 1 1 1 4 1 1 1 1 4 1 1 1 1 4 1 1 29 29 0 
1 1 1 1 4 1 1 1 1 4 1 1 1 1 4 1 1 1 1 4 1 1 1 1 4 1 1 1 1 4 1 1 1 1 4 1 1 1 1 4 1 29 29 1 0 
1 1 1 1 4 1 1 1 1 4 1 1 1 1 4 1 1 1 1 4 1 1 1 1 4 1 1 1 1 4 1 1 1 1 4 1 1 1 1 4 29 29 1 1 0 
1 1 1 1 4 1 1 1 1 4 1 1 1 1 4 1 1 1 1 4 1 1 1 1 4 1 1 1 1 4 1 1 1 1 4 1 1 1 1 34 29 1 1 1 0 
1 1 1 1 4 1 1 1 1 4 1 1 1 1 4 1 1 1 1 4 1 1 1 1 4 1 1 1 1 4 1 1 1 1 4 1 1 1 29 34 1 1 1 1 0 
1 1 1 1 4 1 1 1 1 4 1 1 1 1 4 1 1 1 1 4 1 1 1 1 4 1 1 1 1 4 1 1 1 1 4 1 1 29 29 4 1 1 1 1 0 
1 1 1 1 4 1 1 1 1 4 1 1 1 1 4 1 1 1 1 4 1 1 1 1 4 1 1 1 1 4 1 1 1 1 4 1 29 29 1 4 1 1 1 1 0 
1 1 1 1 4 1 1 1 1 4 1 1 1 1 4 1 1 1 1 4 1 1 1 1 4 1 1 1 1 4 1 1 1 1 4 29 29 1 1 4 1 1 1 1 0 
1 1 1 1 4 1 1 1 31 4 1 1 1 1 4 1 1 1 1 4 1 1 1 1 4 1 1 1 1 4 1 1 1 1 4 29 1 1 1 4 1 1 1 1 0 
1 1 1 1 4 1 1 1 31 4 1 1 1 1 4 1 1 1 1 4 1 1 1 1 4 1 1 1 1 4 1 1 1 1 4 29 1 1 1 4 1 1 1 1 0 
1 1 1 1 4 1 1 1 31 4 1 1 1 1 4 1 1 1 1 4 1 1 1 1 4 1 1 1 1 4 1 1 1 1 4 29 1 1 1 4 1 1 1 1 0 
1 1 1 1 4 1 1 1 31 4 1 1 1 1 4 1 1 1 1 4 1 1 1 1 4 1 1 1 1 4 1 1 1 1 4 29 1 1 1 4 1 1 1 1 0 
1 1 1 1 4 1 1 1 31 4 1 1 1 1 4 1 1 1 1 4 1 1 1 1 4 1 1 1 1 4 1 1 1 1 4 29 1 1 1 4 1 1 1 1 0 
1 1 1 1 4 1 1 1 31 4 1 1 1 1 4 1 1 1 1 4 1 1 1 1 4 1 1 1 1 4 1 1 1 1 4 29 1 1 1 4 1 1 1 1 0 
1 1 1 1 4 1 1 1 1 34 29 29 29 29 34 1 1 1 1 4 1 1 1 1 4 1 1 1 29 34 29 29 29 29 34 29 1 1 1 4 1 1 1 1 0 
1 1 1 1 4 1 1 1 1 4 1 1 1 1 4 1 1 1 1 4 1 1 1 1 4 1 1 29 29 4 1 1 1 1 4 1 1 1 1 4 1 1 1 1 0 
1 1 1 1 4 1 1 1 1 4 1 1 1 1 4 1 1 1 1 4 1 1 1 1 4 1 29 29 1 4 1 1 1 1 4 1 1 1 1 4 1 1 1 1 0 
1 1 1 1 4 1 1 1 1 4 1 1 1 1 4 1 1 1 1 4 1 1 1 1 4 29 29 1 1 4 1 1 1 1 4 1 1 1 1 4 1 1 1 1 0 
1 1 1 1 4 1 1 1 1 4 1 1 1 1 4 1 1 1 1 4 1 1 1 1 34 29 1 1 1 4 1 1 1 1 4 1 1 1 1 4 1 1 1 1 0 
1 1 1 1 4 1 1 1 1 4 1 1 1 1 4 1 1 1 1 4 1 1 1 29 34 1 1 1 1 4 1 1 1 1 4 1 1 1 1 4 1 1 1 1 0 
1 1 1 1 4 1 1 1 1 4 1 1 1 1 4 1 1 1 1 4 1 1 29 29 4 1 1 1 1 4 1 1 1 1 4 1 1 1 1 4 1 1 1 1 0 
1 1 1 1 4 1 1 1 1 4 1 1 1 1 4 1 1 1 1 4 1 31 29 1 4 1 1 1 1 4 1 1 1 1 4 1 1 1 1 4 1 1 1 1 0 

-------------------- RobertRightDiag to pretty print file --------------------

1 1 1 1 4 1 1 1 1 4 1 1 1 1 4 1 1 1 1 4 1 1 29 29 4 1 1 1 1 4 1 1 1 1 4 1 1 1 1 4 1 1 1 1 0 
1 1 1 1 4 1 1 1 1 4 1 1 1 1 4 1 1 1 1 4 2 1 1 29 34 1 1 1 1 4 1 1 1 1 4 1 1 1 1 4 1 1 1 1 0 
1 1 1 1 4 1 1 1 1 4 1 1 1 1 4 1 1 1 1 5 1 3 1 1 34 29 1 1 1 4 1 1 1 1 4 1 1 1 1 4 1 1 1 1 0 
1 1 1 1 4 1 1 1 1 4 1 1 1 1 4 1 1 1 1 4 1 1 1 1 4 29 29 1 1 4 1 1 1 1 4 1 1 1 1 4 1 1 1 1 0 
1 1 1 1 4 1 1 1 1 4 1 1 1 1 4 1 1 1 1 4 1 1 1 1 4 1 29 29 1 4 1 1 1 1 4 1 1 1 1 4 1 1 1 1 0 
1 1 1 1 4 1 1 1 1 4 1 1 1 1 4 1 1 1 1 4 1 1 1 1 4 1 1 29 29 4 1 1 1 1 4 1 1 1 1 4 1 1 1 1 0 
1 1 1 1 4 1 1 1 1 34 29 29 29 29 34 1 1 1 1 4 1 1 1 1 4 1 1 1 29 34 29 29 29 29 34 29 1 1 1 4 1 1 1 1 0 
1 1 1 1 4 1 1 1 31 4 1 1 1 1 4 1 1 1 1 4 1 1 1 1 4 1 1 1 1 4 1 1 1 1 4 29 1 1 1 4 1 1 1 1 0 
1 1 1 1 4 1 1 1 31 4 1 1 1 1 4 1 1 1 1 4 1 1 1 1 4 1 1 1 1 4 1 1 1 1 4 29 1 1 1 4 1 1 1 1 0 
1 1 1 1 4 1 1 1 31 4 1 1 1 1 4 1 1 1 1 4 1 1 1 1 4 1 1 1 1 4 1 1 1 1 4 29 1 1 1 4 1 1 1 1 0 
1 1 1 1 4 1 1 1 31 4 1 1 1 1 4 1 1 1 1 4 1 1 1 1 4 1 1 1 1 4 1 1 1 1 4 29 1 1 1 4 1 1 1 1 0 
1 1 1 1 4 1 1 1 31 4 1 1 1 1 4 1 1 1 1 4 1 1 1 1 4 1 1 1 1 4 1 1 1 1 4 29 1 1 1 4 1 1 1 1 0 
1 1 1 1 4 1 1 1 31 4 1 1 1 1 4 1 1 1 1 4 1 1 1 1 4 1 1 1 1 4 1 1 1 1 4 29 1 1 1 4 1 1 1 1 0 
1 1 1 1 4 1 1 1 1 4 1 1 1 1 4 1 1 1 1 4 1 1 1 1 4 1 1 1 1 4 1 1 1 1 4 29 29 1 1 4 1 1 1 1 0 
1 1 1 1 4 1 1 1 1 4 1 1 1 1 4 1 1 1 1 4 1 1 1 1 4 1 1 1 1 4 1 1 1 1 4 1 29 29 1 4 1 1 1 1 0 
1 1 1 1 4 1 1 1 1 4 1 1 1 1 4 1 1 1 1 4 1 1 1 1 4 1 1 1 1 4 1 1 1 1 4 1 1 29 29 4 1 1 1 1 0 
1 1 1 1 4 1 1 1 1 4 1 1 1 1 4 1 1 1 1 4 1 1 1 1 4 1 1 1 1 4 1 1 1 1 4 1 1 1 29 34 1 1 1 1 0 
1 1 1 1 4 1 1 1 1 4 1 1 1 1 4 1 1 1 1 4 1 1 1 1 4 1 1 1 1 4 1 1 1 1 4 1 1 1 1 34 29 1 1 1 0 
1 1 1 1 4 1 1 1 1 4 1 1 1 1 4 1 1 1 1 4 1 1 1 1 4 1 1 1 1 4 1 1 1 1 4 1 1 1 1 4 29 29 1 1 0 
1 1 1 1 4 1 1 1 1 4 1 1 1 1 4 1 1 1 1 4 1 1 1 1 4 1 1 1 1 4 1 1 1 1 4 1 1 1 1 4 1 29 29 1 0 
1 1 1 1 4 1 1 1 1 4 1 1 1 1 4 1 1 1 1 4 1 1 1 1 4 1 1 1 1 4 1 1 1 1 4 1 1 1 1 4 1 1 29 29 0 
1 1 1 1 4 1 1 1 1 4 1 1 1 1 4 1 1 1 1 4 1 1 1 1 4 1 1 1 1 4 1 1 1 1 4 1 1 1 1 4 1 1 1 29 30 
31 1 1 1 4 1 1 1 1 4 1 1 1 1 4 1 1 1 1 4 1 1 1 1 4 1 1 1 1 4 1 1 1 1 4 1 1 1 1 4 1 1 1 1 30 
31 31 1 1 4 1 1 1 1 4 1 1 1 1 4 1 1 1 1 4 1 1 1 1 4 1 1 1 1 4 1 1 1 1 4 1 1 1 1 4 1 1 1 1 0 
1 31 31 1 4 1 1 1 1 4 1 1 1 1 4 1 1 1 1 4 1 1 1 1 4 1 1 1 1 4 1 1 1 1 4 1 1 1 1 4 1 1 1 1 0 
1 1 31 31 4 1 1 1 1 4 1 1 1 1 4 1 1 1 1 4 1 1 1 1 4 1 1 1 1 4 1 1 1 1 4 1 1 1 1 4 1 1 1 1 0 
1 1 1 31 26 1 1 1 1 4 1 1 1 1 4 1 1 1 1 4 1 1 1 1 4 1 1 1 1 4 1 1 1 1 4 1 1 1 1 4 1 1 1 1 0 
1 1 1 1 26 31 1 1 1 4 1 1 1 1 4 1 1 1 1 4 1 1 1 1 4 1 1 1 1 4 1 1 1 1 4 1 1 1 1 4 1 1 1 1 0 
1 1 1 1 4 31 31 1 1 4 1 1 1 1 4 1 1 1 1 4 1 1 1 1 4 1 1 1 1 4 1 1 1 1 4 1 1 1 1 4 1 1 1 1 0 
1 1 1 1 4 1 31 31 1 4 1 1 1 1 4 1 1 1 1 4 1 1 1 1 4 1 1 1 1 4 1 1 1 1 4 1 1 1 1 4 1 1 1 1 0 
1 1 1 1 4 1 1 31 31 4 1 1 1 1 4 1 1 1 1 4 1 1 1 1 4 1 1 1 1 4 1 1 1 1 4 1 1 1 1 4 1 1 1 1 0 
1 1 1 1 4 1 1 1 31 4 1 1 1 1 4 1 1 1 1 4 1 1 1 1 4 1 1 1 1 4 1 1 1 1 4 29 1 1 1 4 1 1 1 1 0 
1 1 1 1 4 1 1 1 31 4 1 1 1 1 4 1 1 1 1 4 1 1 1 1 4 1 1 1 1 4 1 1 1 1 4 29 1 1 1 4 1 1 1 1 0 
1 1 1 1 4 1 1 1 31 4 1 1 1 1 4 1 1 1 1 4 1 1 1 1 4 1 1 1 1 4 1 1 1 1 4 29 1 1 1 4 1 1 1 1 0 
1 1 1 1 4 1 1 1 31 4 1 1 1 1 4 1 1 1 1 4 1 1 1 1 4 1 1 1 1 4 1 1 1 1 4 29 1 1 1 4 1 1 1 1 0 
1 1 1 1 4 1 1 1 31 4 1 1 1 1 4 1 1 1 1 4 1 1 1 1 4 1 1 1 1 4 1 1 1 1 4 29 1 1 1 4 1 1 1 1 0 
1 1 1 1 4 1 1 1 31 4 1 1 1 1 4 1 1 1 1 4 1 1 1 1 4 1 1 1 1 4 1 1 1 1 4 29 1 1 1 4 1 1 1 1 0 
1 1 1 1 4 1 1 1 31 26 31 31 31 31 26 31 1 1 1 4 1 1 1 1 4 1 1 1 1 26 31 31 31 31 26 1 1 1 1 4 1 1 1 1 0 
1 1 1 1 4 1 1 1 1 4 1 1 1 1 4 31 31 1 1 4 1 1 1 1 4 1 1 1 1 4 1 1 1 1 4 1 1 1 1 4 1 1 1 1 0 
1 1 1 1 4 1 1 1 1 4 1 1 1 1 4 1 31 31 1 4 1 1 1 1 4 1 1 1 1 4 1 1 1 1 4 1 1 1 1 4 1 1 1 1 0 
1 1 1 1 4 1 1 1 1 4 1 1 1 1 4 1 1 31 31 4 1 1 1 1 4 1 1 1 1 4 1 1 1 1 4 1 1 1 1 4 1 1 1 1 0 
1 1 1 1 4 1 1 1 1 4 1 1 1 1 4 1 1 1 31 26 1 1 1 1 4 1 1 1 1 4 1 1 1 1 4 1 1 1 1 4 1 1 1 1 0 
1 1 1 1 4 1 1 1 1 4 1 1 1 1 4 1 1 1 1 26 31 1 1 1 4 1 1 1 1 4 1 1 1 1 4 1 1 1 1 4 1 1 1 1 0 
1 1 1 1 4 1 1 1 1 4 1 1 1 1 4 1 1 1 1 4 31 31 1 1 4 1 1 1 1 4 1 1 1 1 4 1 1 1 1 4 1 1 1 1 0 
1 1 1 1 4 1 1 1 1 4 1 1 1 1 4 1 1 1 1 4 1 31 29 1 4 1 1 1 1 4 1 1 1 1 4 1 1 1 1 4 1 1 1 1 0 

-------------------- SobelLeftDiag to pretty print file --------------------

3 6 6 6 9 9 6 6 6 9 9 6 6 6 9 9 6 6 6 9 9 66 54 114 69 9 6 6 6 9 9 6 6 6 9 9 6 6 6 9 9 6 6 6 3 
3 6 6 6 9 9 6 6 6 9 9 6 6 6 9 9 6 6 6 9 8 8 56 118 129 69 6 6 6 9 9 6 6 6 9 9 6 6 6 9 9 6 6 6 3 
3 6 6 6 9 9 6 6 6 9 9 6 6 6 9 9 6 6 6 10 9 9 6 56 129 129 54 6 6 9 9 6 6 6 9 9 6 6 6 9 9 6 6 6 3 
3 6 6 6 9 9 6 6 6 9 9 6 6 6 9 9 6 6 6 11 10 10 8 6 69 129 114 54 6 9 9 6 6 6 9 9 6 6 6 9 9 6 6 6 3 
3 6 6 6 9 9 6 6 6 9 9 6 6 6 9 9 6 6 6 9 9 6 6 6 9 69 114 114 54 9 9 6 6 6 9 9 6 6 6 9 9 6 6 6 3 
3 6 6 6 9 9 6 6 6 9 9 6 6 6 9 9 6 6 6 9 9 6 6 6 9 9 54 114 114 69 9 6 6 6 9 9 6 6 6 9 9 6 6 6 3 
3 6 6 6 9 9 6 6 6 39 99 84 84 84 99 69 6 6 6 9 9 6 6 6 9 9 6 54 114 129 99 84 84 84 99 99 54 6 6 9 9 6 6 6 3 
3 6 6 6 9 9 6 6 36 9 99 84 84 84 99 39 6 6 6 9 9 6 6 6 9 9 6 6 54 99 99 84 84 84 99 129 84 6 6 9 9 6 6 6 3 
3 6 6 6 9 9 6 6 96 81 9 6 6 6 9 9 6 6 6 9 9 6 6 6 9 9 6 6 6 9 9 6 6 6 9 99 84 6 6 9 9 6 6 6 3 
3 6 6 6 9 9 6 6 96 81 9 6 6 6 9 9 6 6 6 9 9 6 6 6 9 9 6 6 6 9 9 6 6 6 9 99 84 6 6 9 9 6 6 6 3 
3 6 6 6 9 9 6 6 96 81 9 6 6 6 9 9 6 6 6 9 9 6 6 6 9 9 6 6 6 9 9 6 6 6 9 99 84 6 6 9 9 6 6 6 3 
3 6 6 6 9 9 6 6 96 81 9 6 6 6 9 9 6 6 6 9 9 6 6 6 9 9 6 6 6 9 9 6 6 6 9 99 84 6 6 9 9 6 6 6 3 
3 6 6 6 9 9 6 6 96 81 9 6 6 6 9 9 6 6 6 9 9 6 6 6 9 9 6 6 6 9 9 6 6 6 9 99 84 6 6 9 9 6 6 6 3 
3 6 6 6 9 9 6 6 66 21 9 6 6 6 9 9 6 6 6 9 9 6 6 6 9 9 6 6 6 9 9 6 6 6 9 99 114 54 6 9 9 6 6 6 3 
3 6 6 6 9 9 6 6 6 9 9 6 6 6 9 9 6 6 6 9 9 6 6 6 9 9 6 6 6 9 9 6 6 6 9 69 114 114 54 9 9 6 6 6 3 
3 6 6 6 9 9 6 6 6 9 9 6 6 6 9 9 6 6 6 9 9 6 6 6 9 9 6 6 6 9 9 6 6 6 9 9 54 114 114 69 9 6 6 6 3 
3 6 6 6 9 9 6 6 6 9 9 6 6 6 9 9 6 6 6 9 9 6 6 6 9 9 6 6 6 9 9 6 6 6 9 9 6 54 114 129 69 6 6 6 3 
3 6 6 6 9 9 6 6 6 9 9 6 6 6 9 9 6 6 6 9 9 6 6 6 9 9 6 6 6 9 9 6 6 6 9 9 6 6 54 129 129 54 6 6 3 
3 6 6 6 9 9 6 6 6 9 9 6 6 6 9 9 6 6 6 9 9 6 6 6 9 9 6 6 6 9 9 6 6 6 9 9 6 6 6 69 129 114 54 6 3 
3 6 6 6 9 9 6 6 6 9 9 6 6 6 9 9 6 6 6 9 9 6 6 6 9 9 6 6 6 9 9 6 6 6 9 9 6 6 6 9 69 114 114 54 3 
3 6 6 6 9 9 6 6 6 9 9 6 6 6 9 9 6 6 6 9 9 6 6 6 9 9 6 6 6 9 9 6 6 6 9 9 6 6 6 9 9 54 114 114 57 
57 6 6 6 9 9 6 6 6 9 9 6 6 6 9 9 6 6 6 9 9 6 6 6 9 9 6 6 6 9 9 6 6 6 9 9 6 6 6 9 9 6 54 114 117 
63 66 6 6 9 9 6 6 6 9 9 6 6 6 9 9 6 6 6 9 9 6 6 6 9 9 6 6 6 9 9 6 6 6 9 9 6 6 6 9 9 6 6 54 57 
123 126 66 6 9 9 6 6 6 9 9 6 6 6 9 9 6 6 6 9 9 6 6 6 9 9 6 6 6 9 9 6 6 6 9 9 6 6 6 9 9 6 6 6 63 
63 126 126 66 9 9 6 6 6 9 9 6 6 6 9 9 6 6 6 9 9 6 6 6 9 9 6 6 6 9 9 6 6 6 9 9 6 6 6 9 9 6 6 6 3 
3 66 126 126 51 9 6 6 6 9 9 6 6 6 9 9 6 6 6 9 9 6 6 6 9 9 6 6 6 9 9 6 6 6 9 9 6 6 6 9 9 6 6 6 3 
3 6 66 126 111 51 6 6 6 9 9 6 6 6 9 9 6 6 6 9 9 6 6 6 9 9 6 6 6 9 9 6 6 6 9 9 6 6 6 9 9 6 6 6 3 
3 6 6 66 111 111 66 6 6 9 9 6 6 6 9 9 6 6 6 9 9 6 6 6 9 9 6 6 6 9 9 6 6 6 9 9 6 6 6 9 9 6 6 6 3 
3 6 6 6 51 111 126 66 6 9 9 6 6 6 9 9 6 6 6 9 9 6 6 6 9 9 6 6 6 9 9 6 6 6 9 9 6 6 6 9 9 6 6 6 3 
3 6 6 6 9 51 126 126 66 9 9 6 6 6 9 9 6 6 6 9 9 6 6 6 9 9 6 6 6 9 9 6 6 6 9 9 6 6 6 9 9 6 6 6 3 
3 6 6 6 9 9 66 126 126 51 9 6 6 6 9 9 6 6 6 9 9 6 6 6 9 9 6 6 6 9 9 6 6 6 9 9 6 6 6 9 9 6 6 6 3 
3 6 6 6 9 9 6 66 126 81 9 6 6 6 9 9 6 6 6 9 9 6 6 6 9 9 6 6 6 9 9 6 6 6 9 39 54 6 6 9 9 6 6 6 3 
3 6 6 6 9 9 6 6 96 81 9 6 6 6 9 9 6 6 6 9 9 6 6 6 9 9 6 6 6 9 9 6 6 6 9 99 84 6 6 9 9 6 6 6 3 
3 6 6 6 9 9 6 6 96 81 9 6 6 6 9 9 6 6 6 9 9 6 6 6 9 9 6 6 6 9 9 6 6 6 9 99 84 6 6 9 9 6 6 6 3 
3 6 6 6 9 9 6 6 96 81 9 6 6 6 9 9 6 6 6 9 9 6 6 6 9 9 6 6 6 9 9 6 6 6 9 99 84 6 6 9 9 6 6 6 3 
3 6 6 6 9 9 6 6 96 81 9 6 6 6 9 9 6 6 6 9 9 6 6 6 9 9 6 6 6 9 9 6 6 6 9 99 84 6 6 9 9 6 6 6 3 
3 6 6 6 9 9 6 6 96 81 9 6 6 6 9 9 6 6 6 9 9 6 6 6 9 9 6 6 6 9 9 6 6 6 9 99 84 6 6 9 9 6 6 6 3 
3 6 6 6 9 9 6 6 96 111 81 96 96 96 81 81 66 6 6 9 9 6 6 6 9 9 6 6 6 21 81 96 96 96 81 9 24 6 6 9 9 6 6 6 3 
3 6 6 6 9 9 6 6 66 81 81 96 96 96 81 111 126 66 6 9 9 6 6 6 9 9 6 6 6 51 81 96 96 96 81 21 6 6 6 9 9 6 6 6 3 
3 6 6 6 9 9 6 6 6 9 9 6 6 6 9 51 126 126 66 9 9 6 6 6 9 9 6 6 6 9 9 6 6 6 9 9 6 6 6 9 9 6 6 6 3 
3 6 6 6 9 9 6 6 6 9 9 6 6 6 9 9 66 126 126 51 9 6 6 6 9 9 6 6 6 9 9 6 6 6 9 9 6 6 6 9 9 6 6 6 3 
3 6 6 6 9 9 6 6 6 9 9 6 6 6 9 9 6 66 126 111 51 6 6 6 9 9 6 6 6 9 9 6 6 6 9 9 6 6 6 9 9 6 6 6 3 
3 6 6 6 9 9 6 6 6 9 9 6 6 6 9 9 6 6 66 111 111 66 6 6 9 9 6 6 6 9 9 6 6 6 9 9 6 6 6 9 9 6 6 6 3 
3 6 6 6 9 9 6 6 6 9 9 6 6 6 9 9 6 6 6 51 111 126 66 6 9 9 6 6 6 9 9 6 6 6 9 9 6 6 6 9 9 6 6 6 3 
3 6 6 6 9 9 6 6 6 9 9 6 6 6 9 9 6 6 6 9 51 126 66 54 9 9 6 6 6 9 9 6 6 6 9 9 6 6 6 9 9 6 6 6 3 

-------------------- SobelRightDiag to pretty print file --------------------

3 6 6 6 9 9 6 6 6 9 9 6 6 6 9 9 6 6 6 9 51 126 66 54 9 9 6 6 6 9 9 6 6 6 9 9 6 6 6 9 9 6 6 6 3 
3 6 6 6 9 9 6 6 6 9 9 6 6 6 9 9 6 6 6 49 110 130 68 6 9 9 6 6 6 9 9 6 6 6 9 9 6 6 6 9 9 6 6 6 3 
3 6 6 6 9 9 6 6 6 9 9 6 6 6 9 9 6 6 66 110 111 69 6 4 9 9 6 6 6 9 9 6 6 6 9 9 6 6 6 9 9 6 6 6 3 
3 6 6 6 9 9 6 6 6 9 9 6 6 6 9 9 6 66 126 111 52 8 4 2 9 9 6 6 6 9 9 6 6 6 9 9 6 6 6 9 9 6 6 6 3 
3 6 6 6 9 9 6 6 6 9 9 6 6 6 9 9 66 126 126 51 9 6 6 6 9 9 6 6 6 9 9 6 6 6 9 9 6 6 6 9 9 6 6 6 3 
3 6 6 6 9 9 6 6 6 9 9 6 6 6 9 51 126 126 66 9 9 6 6 6 9 9 6 6 6 9 9 6 6 6 9 9 6 6 6 9 9 6 6 6 3 
3 6 6 6 9 9 6 6 66 81 81 96 96 96 81 111 126 66 6 9 9 6 6 6 9 9 6 6 6 51 81 96 96 96 81 21 6 6 6 9 9 6 6 6 3 
3 6 6 6 9 9 6 6 96 111 81 96 96 96 81 81 66 6 6 9 9 6 6 6 9 9 6 6 6 21 81 96 96 96 81 9 24 6 6 9 9 6 6 6 3 
3 6 6 6 9 9 6 6 96 81 9 6 6 6 9 9 6 6 6 9 9 6 6 6 9 9 6 6 6 9 9 6 6 6 9 99 84 6 6 9 9 6 6 6 3 
3 6 6 6 9 9 6 6 96 81 9 6 6 6 9 9 6 6 6 9 9 6 6 6 9 9 6 6 6 9 9 6 6 6 9 99 84 6 6 9 9 6 6 6 3 
3 6 6 6 9 9 6 6 96 81 9 6 6 6 9 9 6 6 6 9 9 6 6 6 9 9 6 6 6 9 9 6 6 6 9 99 84 6 6 9 9 6 6 6 3 
3 6 6 6 9 9 6 6 96 81 9 6 6 6 9 9 6 6 6 9 9 6 6 6 9 9 6 6 6 9 9 6 6 6 9 99 84 6 6 9 9 6 6 6 3 
3 6 6 6 9 9 6 6 96 81 9 6 6 6 9 9 6 6 6 9 9 6 6 6 9 9 6 6 6 9 9 6 6 6 9 99 84 6 6 9 9 6 6 6 3 
3 6 6 6 9 9 6 66 126 81 9 6 6 6 9 9 6 6 6 9 9 6 6 6 9 9 6 6 6 9 9 6 6 6 9 39 54 6 6 9 9 6 6 6 3 
3 6 6 6 9 9 66 126 126 51 9 6 6 6 9 9 6 6 6 9 9 6 6 6 9 9 6 6 6 9 9 6 6 6 9 9 6 6 6 9 9 6 6 6 3 
3 6 6 6 9 51 126 126 66 9 9 6 6 6 9 9 6 6 6 9 9 6 6 6 9 9 6 6 6 9 9 6 6 6 9 9 6 6 6 9 9 6 6 6 3 
3 6 6 6 51 111 126 66 6 9 9 6 6 6 9 9 6 6 6 9 9 6 6 6 9 9 6 6 6 9 9 6 6 6 9 9 6 6 6 9 9 6 6 6 3 
3 6 6 66 111 111 66 6 6 9 9 6 6 6 9 9 6 6 6 9 9 6 6 6 9 9 6 6 6 9 9 6 6 6 9 9 6 6 6 9 9 6 6 6 3 
3 6 66 126 111 51 6 6 6 9 9 6 6 6 9 9 6 6 6 9 9 6 6 6 9 9 6 6 6 9 9 6 6 6 9 9 6 6 6 9 9 6 6 6 3 
3 66 126 126 51 9 6 6 6 9 9 6 6 6 9 9 6 6 6 9 9 6 6 6 9 9 6 6 6 9 9 6 6 6 9 9 6 6 6 9 9 6 6 6 3 
63 126 126 66 9 9 6 6 6 9 9 6 6 6 9 9 6 6 6 9 9 6 6 6 9 9 6 6 6 9 9 6 6 6 9 9 6 6 6 9 9 6 6 6 3 
123 126 66 6 9 9 6 6 6 9 9 6 6 6 9 9 6 6 6 9 9 6 6 6 9 9 6 6 6 9 9 6 6 6 9 9 6 6 6 9 9 6 6 6 63 
63 66 6 6 9 9 6 6 6 9 9 6 6 6 9 9 6 6 6 9 9 6 6 6 9 9 6 6 6 9 9 6 6 6 9 9 6 6 6 9 9 6 6 54 57 
57 6 6 6 9 9 6 6 6 9 9 6 6 6 9 9 6 6 6 9 9 6 6 6 9 9 6 6 6 9 9 6 6 6 9 9 6 6 6 9 9 6 54 114 117 
3 6 6 6 9 9 6 6 6 9 9 6 6 6 9 9 6 6 6 9 9 6 6 6 9 9 6 6 6 9 9 6 6 6 9 9 6 6 6 9 9 54 114 114 57 
3 6 6 6 9 9 6 6 6 9 9 6 6 6 9 9 6 6 6 9 9 6 6 6 9 9 6 6 6 9 9 6 6 6 9 9 6 6 6 9 69 114 114 54 3 
3 6 6 6 9 9 6 6 6 9 9 6 6 6 9 9 6 6 6 9 9 6 6 6 9 9 6 6 6 9 9 6 6 6 9 9 6 6 6 69 129 114 54 6 3 
3 6 6 6 9 9 6 6 6 9 9 6 6 6 9 9 6 6 6 9 9 6 6 6 9 9 6 6 6 9 9 6 6 6 9 9 6 6 54 129 129 54 6 6 3 
3 6 6 6 9 9 6 6 6 9 9 6 6 6 9 9 6 6 6 9 9 6 6 6 9 9 6 6 6 9 9 6 6 6 9 9 6 54 114 129 69 6 6 6 3 
3 6 6 6 9 9 6 6 6 9 9 6 6 6 9 9 6 6 6 9 9 6 6 6 9 9 6 6 6 9 9 6 6 6 9 9 54 114 114 69 9 6 6 6 3 
3 6 6 6 9 9 6 6 6 9 9 6 6 6 9 9 6 6 6 9 9 6 6 6 9 9 6 6 6 9 9 6 6 6 9 69 114 114 54 9 9 6 6 6 3 
3 6 6 6 9 9 6 6 66 21 9 6 6 6 9 9 6 6 6 9 9 6 6 6 9 9 6 6 6 9 9 6 6 6 9 99 114 54 6 9 9 6 6 6 3 
3 6 6 6 9 9 6 6 96 81 9 6 6 6 9 9 6 6 6 9 9 6 6 6 9 9 6 6 6 9 9 6 6 6 9 99 84 6 6 9 9 6 6 6 3 
3 6 6 6 9 9 6 6 96 81 9 6 6 6 9 9 6 6 6 9 9 6 6 6 9 9 6 6 6 9 9 6 6 6 9 99 84 6 6 9 9 6 6 6 3 
3 6 6 6 9 9 6 6 96 81 9 6 6 6 9 9 6 6 6 9 9 6 6 6 9 9 6 6 6 9 9 6 6 6 9 99 84 6 6 9 9 6 6 6 3 
3 6 6 6 9 9 6 6 96 81 9 6 6 6 9 9 6 6 6 9 9 6 6 6 9 9 6 6 6 9 9 6 6 6 9 99 84 6 6 9 9 6 6 6 3 
3 6 6 6 9 9 6 6 96 81 9 6 6 6 9 9 6 6 6 9 9 6 6 6 9 9 6 6 6 9 9 6 6 6 9 99 84 6 6 9 9 6 6 6 3 
3 6 6 6 9 9 6 6 36 9 99 84 84 84 99 39 6 6 6 9 9 6 6 6 9 9 6 6 54 99 99 84 84 84 99 129 84 6 6 9 9 6 6 6 3 
3 6 6 6 9 9 6 6 6 39 99 84 84 84 99 69 6 6 6 9 9 6 6 6 9 9 6 54 114 129 99 84 84 84 99 99 54 6 6 9 9 6 6 6 3 
3 6 6 6 9 9 6 6 6 9 9 6 6 6 9 9 6 6 6 9 9 6 6 6 9 9 54 114 114 69 9 6 6 6 9 9 6 6 6 9 9 6 6 6 3 
3 6 6 6 9 9 6 6 6 9 9 6 6 6 9 9 6 6 6 9 9 6 6 6 9 69 114 114 54 9 9 6 6 6 9 9 6 6 6 9 9 6 6 6 3 
3 6 6 6 9 9 6 6 6 9 9 6 6 6 9 9 6 6 6 9 9 6 6 6 69 129 114 54 6 9 9 6 6 6 9 9 6 6 6 9 9 6 6 6 3 
3 6 6 6 9 9 6 6 6 9 9 6 6 6 9 9 6 6 6 9 9 6 6 54 129 129 54 6 6 9 9 6 6 6 9 9 6 6 6 9 9 6 6 6 3 
3 6 6 6 9 9 6 6 6 9 9 6 6 6 9 9 6 6 6 9 9 6 54 114 129 69 6 6 6 9 9 6 6 6 9 9 6 6 6 9 9 6 6 6 3 
3 6 6 6 9 9 6 6 6 9 9 6 6 6 9 9 6 6 6 9 9 66 54 114 69 9 6 6 6 9 9 6 6 6 9 9 6 6 6 9 9 6 6 6 3 

-------------------- GradiantEdge to pretty print file --------------------

1 1 1 1 4 1 1 1 1 4 1 1 1 1 4 1 1 1 1 4 1 43 29 30 4 1 1 1 1 4 1 1 1 1 4 1 1 1 1 4 1 1 1 1 0 
1 1 1 1 4 1 1 1 1 4 1 1 1 1 4 1 1 1 1 4 42 1 2 29 30 1 1 1 1 4 1 1 1 1 4 1 1 1 1 4 1 1 1 1 0 
1 1 1 1 4 1 1 1 1 4 1 1 1 1 4 1 1 1 1 39 2 3 2 1 34 30 1 1 1 4 1 1 1 1 4 1 1 1 1 4 1 1 1 1 0 
1 1 1 1 4 1 1 1 1 4 1 1 1 1 4 1 1 1 43 4 1 1 1 1 4 29 30 1 1 4 1 1 1 1 4 1 1 1 1 4 1 1 1 1 0 
1 1 1 1 4 1 1 1 1 4 1 1 1 1 4 1 1 43 1 4 1 1 1 1 4 1 29 30 1 4 1 1 1 1 4 1 1 1 1 4 1 1 1 1 0 
1 1 1 1 4 1 1 1 1 4 1 1 1 1 4 1 43 1 1 4 1 1 1 1 4 1 1 29 30 4 1 1 1 1 4 1 1 1 1 4 1 1 1 1 0 
1 1 1 1 4 1 1 1 1 30 30 30 30 30 30 43 1 1 1 4 1 1 1 1 4 1 1 1 29 30 30 30 30 30 30 30 1 1 1 4 1 1 1 1 0 
1 1 1 1 4 1 1 1 31 4 1 1 1 1 4 1 1 1 1 4 1 1 1 1 4 1 1 1 1 4 1 1 1 1 4 29 1 1 1 4 1 1 1 1 0 
1 1 1 1 4 1 1 1 31 4 1 1 1 1 4 1 1 1 1 4 1 1 1 1 4 1 1 1 1 4 1 1 1 1 4 29 1 1 1 4 1 1 1 1 0 
1 1 1 1 4 1 1 1 31 4 1 1 1 1 4 1 1 1 1 4 1 1 1 1 4 1 1 1 1 4 1 1 1 1 4 29 1 1 1 4 1 1 1 1 0 
1 1 1 1 4 1 1 1 31 4 1 1 1 1 4 1 1 1 1 4 1 1 1 1 4 1 1 1 1 4 1 1 1 1 4 29 1 1 1 4 1 1 1 1 0 
1 1 1 1 4 1 1 1 31 4 1 1 1 1 4 1 1 1 1 4 1 1 1 1 4 1 1 1 1 4 1 1 1 1 4 29 1 1 1 4 1 1 1 1 0 
1 1 1 1 4 1 1 1 31 4 1 1 1 1 4 1 1 1 1 4 1 1 1 1 4 1 1 1 1 4 1 1 1 1 4 29 1 1 1 4 1 1 1 1 0 
1 1 1 1 4 1 1 1 43 4 1 1 1 1 4 1 1 1 1 4 1 1 1 1 4 1 1 1 1 4 1 1 1 1 4 29 30 1 1 4 1 1 1 1 0 
1 1 1 1 4 1 1 43 1 4 1 1 1 1 4 1 1 1 1 4 1 1 1 1 4 1 1 1 1 4 1 1 1 1 4 1 29 30 1 4 1 1 1 1 0 
1 1 1 1 4 1 43 1 1 4 1 1 1 1 4 1 1 1 1 4 1 1 1 1 4 1 1 1 1 4 1 1 1 1 4 1 1 29 30 4 1 1 1 1 0 
1 1 1 1 4 43 1 1 1 4 1 1 1 1 4 1 1 1 1 4 1 1 1 1 4 1 1 1 1 4 1 1 1 1 4 1 1 1 29 30 1 1 1 1 0 
1 1 1 1 39 1 1 1 1 4 1 1 1 1 4 1 1 1 1 4 1 1 1 1 4 1 1 1 1 4 1 1 1 1 4 1 1 1 1 34 30 1 1 1 0 
1 1 1 43 4 1 1 1 1 4 1 1 1 1 4 1 1 1 1 4 1 1 1 1 4 1 1 1 1 4 1 1 1 1 4 1 1 1 1 4 29 30 1 1 0 
1 1 43 1 4 1 1 1 1 4 1 1 1 1 4 1 1 1 1 4 1 1 1 1 4 1 1 1 1 4 1 1 1 1 4 1 1 1 1 4 1 29 30 1 0 
1 43 1 1 4 1 1 1 1 4 1 1 1 1 4 1 1 1 1 4 1 1 1 1 4 1 1 1 1 4 1 1 1 1 4 1 1 1 1 4 1 1 29 30 0 
43 1 1 1 4 1 1 1 1 4 1 1 1 1 4 1 1 1 1 4 1 1 1 1 4 1 1 1 1 4 1 1 1 1 4 1 1 1 1 4 1 1 1 29 30 
30 1 1 1 4 1 1 1 1 4 1 1 1 1 4 1 1 1 1 4 1 1 1 1 4 1 1 1 1 4 1 1 1 1 4 1 1 1 1 4 1 1 1 1 30 
31 30 1 1 4 1 1 1 1 4 1 1 1 1 4 1 1 1 1 4 1 1 1 1 4 1 1 1 1 4 1 1 1 1 4 1 1 1 1 4 1 1 1 41 0 
1 31 30 1 4 1 1 1 1 4 1 1 1 1 4 1 1 1 1 4 1 1 1 1 4 1 1 1 1 4 1 1 1 1 4 1 1 1 1 4 1 1 41 1 0 
1 1 31 30 4 1 1 1 1 4 1 1 1 1 4 1 1 1 1 4 1 1 1 1 4 1 1 1 1 4 1 1 1 1 4 1 1 1 1 4 1 41 1 1 0 
1 1 1 31 30 1 1 1 1 4 1 1 1 1 4 1 1 1 1 4 1 1 1 1 4 1 1 1 1 4 1 1 1 1 4 1 1 1 1 4 41 1 1 1 0 
1 1 1 1 26 30 1 1 1 4 1 1 1 1 4 1 1 1 1 4 1 1 1 1 4 1 1 1 1 4 1 1 1 1 4 1 1 1 1 45 1 1 1 1 0 
1 1 1 1 4 31 30 1 1 4 1 1 1 1 4 1 1 1 1 4 1 1 1 1 4 1 1 1 1 4 1 1 1 1 4 1 1 1 41 4 1 1 1 1 0 
1 1 1 1 4 1 31 30 1 4 1 1 1 1 4 1 1 1 1 4 1 1 1 1 4 1 1 1 1 4 1 1 1 1 4 1 1 41 1 4 1 1 1 1 0 
1 1 1 1 4 1 1 31 30 4 1 1 1 1 4 1 1 1 1 4 1 1 1 1 4 1 1 1 1 4 1 1 1 1 4 1 41 1 1 4 1 1 1 1 0 
1 1 1 1 4 1 1 1 31 4 1 1 1 1 4 1 1 1 1 4 1 1 1 1 4 1 1 1 1 4 1 1 1 1 4 29 1 1 1 4 1 1 1 1 0 
1 1 1 1 4 1 1 1 31 4 1 1 1 1 4 1 1 1 1 4 1 1 1 1 4 1 1 1 1 4 1 1 1 1 4 29 1 1 1 4 1 1 1 1 0 
1 1 1 1 4 1 1 1 31 4 1 1 1 1 4 1 1 1 1 4 1 1 1 1 4 1 1 1 1 4 1 1 1 1 4 29 1 1 1 4 1 1 1 1 0 
1 1 1 1 4 1 1 1 31 4 1 1 1 1 4 1 1 1 1 4 1 1 1 1 4 1 1 1 1 4 1 1 1 1 4 29 1 1 1 4 1 1 1 1 0 
1 1 1 1 4 1 1 1 31 4 1 1 1 1 4 1 1 1 1 4 1 1 1 1 4 1 1 1 1 4 1 1 1 1 4 29 1 1 1 4 1 1 1 1 0 
1 1 1 1 4 1 1 1 31 4 1 1 1 1 4 1 1 1 1 4 1 1 1 1 4 1 1 1 1 4 1 1 1 1 4 29 1 1 1 4 1 1 1 1 0 
1 1 1 1 4 1 1 1 31 30 30 30 30 30 30 30 1 1 1 4 1 1 1 1 4 1 1 1 1 30 30 30 30 30 30 41 1 1 1 4 1 1 1 1 0 
1 1 1 1 4 1 1 1 1 4 1 1 1 1 4 31 30 1 1 4 1 1 1 1 4 1 1 1 41 4 1 1 1 1 4 1 1 1 1 4 1 1 1 1 0 
1 1 1 1 4 1 1 1 1 4 1 1 1 1 4 1 31 30 1 4 1 1 1 1 4 1 1 41 1 4 1 1 1 1 4 1 1 1 1 4 1 1 1 1 0 
1 1 1 1 4 1 1 1 1 4 1 1 1 1 4 1 1 31 30 4 1 1 1 1 4 1 41 1 1 4 1 1 1 1 4 1 1 1 1 4 1 1 1 1 0 
1 1 1 1 4 1 1 1 1 4 1 1 1 1 4 1 1 1 31 30 1 1 1 1 4 41 1 1 1 4 1 1 1 1 4 1 1 1 1 4 1 1 1 1 0 
1 1 1 1 4 1 1 1 1 4 1 1 1 1 4 1 1 1 1 26 30 1 1 1 45 1 1 1 1 4 1 1 1 1 4 1 1 1 1 4 1 1 1 1 0 
1 1 1 1 4 1 1 1 1 4 1 1 1 1 4 1 1 1 1 4 31 30 1 41 4 1 1 1 1 4 1 1 1 1 4 1 1 1 1 4 1 1 1 1 0 
1 1 1 1 4 1 1 1 1 4 1 1 1 1 4 1 1 1 1 4 1 31 29 1 4 1 1 1 1 4 1 1 1 1 4 1 1 1 1 4 1 1 1 1 0 
