----------This print is before thinning----------
                                                                                    
                                                                                    
                                              1 1 1 1 1 1 1 1 1 1                   
                                              1 1 1 1 1 1 1 1 1 1 1                 
                                              1 1 1 1 1 1 1 1 1 1 1 1               
                      1                       1 1 1 1 1 1 1 1 1 1 1 1 1             
                    1 1 1                     1 1 1 1 1 1 1 1 1 1 1 1 1 1           
                  1 1 1 1 1                   1 1 1 1 1 1 1 1 1 1 1 1 1 1 1         
                1 1 1 1 1 1 1                 1 1 1 1 1 1 1 1 1 1 1 1 1 1 1 1       
              1 1 1 1 1 1 1 1 1               1 1 1 1 1 1 1 1 1 1 1 1 1 1 1 1 1     
            1 1 1 1 1 1 1 1 1 1 1                         1 1 1 1 1 1 1 1 1 1 1 1   
          1 1 1 1 1 1 1 1 1 1 1 1 1                     1 1 1 1 1 1 1 1 1 1 1 1     
        1 1 1 1 1 1 1 1 1 1 1 1 1 1 1                 1 1 1 1 1 1 1 1 1 1 1 1       
      1 1 1 1 1 1 1 1 1 1 1 1 1 1 1 1 1             1 1 1 1 1 1 1 1 1 1 1 1         
      1 1 1 1 1 1 1 1 1 1 1 1 1 1 1 1 1           1 1 1 1 1 1 1 1 1 1 1 1           
      1 1 1 1 1 1 1 1 1 1 1 1 1 1 1 1 1         1 1 1 1 1 1 1 1 1 1 1               
      1 1 1 1 1 1 1 1 1 1 1 1 1 1 1 1 1       1 1 1 1 1 1 1 1 1 1 1                 
      1 1 1 1 1 1 1 1 1 1 1 1 1 1 1 1 1       1 1 1 1 1 1 1 1 1 1                   
      1 1 1 1 1 1 1 1 1 1 1 1 1 1 1 1 1       1 1 1 1 1 1 1 1 1                     
                        1 1 1 1 1 1 1 1                                             
                      1 1 1 1 1 1 1 1 1 1 1 1 1 1 1 1 1 1 1 1 1                     
                    1 1 1 1 1 1 1 1 1 1 1 1 1 1 1 1 1 1 1 1 1 1                     
                  1 1 1 1 1 1 1 1 1 1 1 1 1 1 1 1 1 1 1 1 1 1 1                     
                1 1 1 1 1 1 1 1 1 1 1 1 1 1 1 1 1 1 1 1 1 1 1 1                     
              1 1 1 1 1 1 1 1 1 1 1 1 1 1 1 1 1 1 1 1 1 1 1 1 1                     
            1 1 1 1 1 1 1 1 1 1 1 1 1 1 1 1 1 1 1 1 1 1 1 1 1 1                     
          1 1 1 1 1 1 1 1 1 1 1 1 1 1 1 1 1 1 1 1 1 1 1 1 1 1 1                     
        1 1 1 1 1 1 1 1 1 1 1 1 1 1 1 1                                             
        1 1 1 1 1 1 1 1 1 1 1 1 1 1 1 1                                             
        1 1 1 1 1 1 1 1 1 1 1 1 1 1 1 1                                             
                                                                                    
                                                                                    
----------This print is after pass: 1 ----------
                                                                                    
                                                                                    
                                              1                                     
                                                1 1 1 1 1 1 1 1                     
                                                1 1 1 1 1 1 1 1 1                   
                      1                         1 1 1 1 1 1 1 1 1 1                 
                      1                         1 1 1 1 1 1 1 1 1 1 1               
                      1                         1 1 1 1 1 1 1 1 1 1 1 1             
                    1 1 1                       1 1 1 1 1 1 1 1 1 1 1 1 1           
                  1 1 1 1 1                   1             1 1 1 1 1 1 1 1         
                1 1 1 1 1 1 1                               1 1 1 1 1 1 1 1 1 1 1   
              1 1 1 1 1 1 1 1 1                             1 1 1 1 1 1 1 1         
            1 1 1 1 1 1 1 1 1 1 1                         1 1 1 1 1 1 1 1           
          1 1 1 1 1 1 1 1 1 1 1 1 1                     1 1 1 1 1 1 1 1             
        1 1 1 1 1 1 1 1 1 1 1 1 1 1 1                 1 1 1 1 1 1 1                 
        1 1 1 1 1 1 1 1 1 1 1 1 1 1 1               1 1 1 1 1 1 1                   
        1 1 1 1 1 1 1 1 1 1 1 1 1 1 1             1 1 1 1 1 1 1                     
        1 1 1 1 1 1 1 1 1 1 1 1 1 1 1           1 1 1 1 1 1 1                       
      1                   1 1 1 1 1 1         1                                     
                          1 1 1 1 1 1                                               
                          1 1 1 1 1 1                         1                     
                        1 1 1 1 1 1 1 1 1 1 1 1 1 1 1 1 1 1 1                       
                      1 1 1 1 1 1 1 1 1 1 1 1 1 1 1 1 1 1 1 1                       
                    1 1 1 1 1 1 1 1 1 1 1 1 1 1 1 1 1 1 1 1 1                       
                  1 1 1 1 1 1 1 1 1 1 1 1 1 1 1 1 1 1 1 1 1 1                       
                1 1 1 1 1 1 1 1 1 1 1 1 1 1 1 1 1 1 1 1 1 1 1                       
              1 1 1 1 1 1 1 1 1 1 1 1                         1                     
            1 1 1 1 1 1 1 1 1 1 1 1 1                                               
          1 1 1 1 1 1 1 1 1 1 1 1 1 1                                               
        1                             1                                             
                                                                                    
                                                                                    
----------This print is after pass: 2 ----------
                                                                                    
                                                                                    
                                              1                                     
                                                1                                   
                                                  1 1 1 1 1 1                       
                      1                           1 1 1 1 1 1 1                     
                      1                           1 1 1 1 1 1 1 1                   
                      1                           1 1 1 1 1 1 1 1 1                 
                      1                         1             1 1 1 1               
                      1                       1               1 1 1 1 1             
                    1 1 1                                     1 1 1 1 1 1 1 1 1 1   
                  1 1 1 1 1                                   1 1 1 1 1             
                1 1 1 1 1 1 1                                 1 1 1 1               
              1 1 1 1 1 1 1 1 1                             1 1 1                   
            1 1 1 1 1 1 1 1 1 1 1                         1 1 1                     
          1 1 1 1 1 1 1 1 1 1 1 1 1                     1 1 1                       
          1 1 1 1 1 1 1 1 1 1 1 1 1                 1 1 1 1                         
        1                   1 1 1 1             1 1                                 
      1                     1 1 1 1           1                                     
                            1 1 1 1                                                 
                            1 1 1 1                           1                     
                            1 1 1 1                         1                       
                          1 1 1 1 1 1 1 1 1 1 1 1 1 1 1 1 1                         
                        1 1 1 1 1 1 1 1 1 1 1 1 1 1 1 1 1 1                         
                      1 1 1 1 1 1 1 1 1 1 1 1 1 1 1 1 1 1 1                         
                    1 1 1 1 1 1 1 1                         1                       
                  1 1 1 1 1 1 1 1 1                           1                     
              1 1 1 1 1 1 1 1 1 1 1                                                 
          1 1                       1                                               
        1                             1                                             
                                                                                    
                                                                                    
----------This print is after pass: 3 ----------
                                                                                    
                                                                                    
                                              1                                     
                                                1                                   
                                                  1                                 
                      1                             1 1 1 1                         
                      1                             1 1 1 1 1 1                     
                      1                           1             1                   
                      1                         1               1                   
                      1                       1                 1 1                 
                      1                                         1 1 1 1 1 1 1 1 1   
                      1                                         1 1                 
                    1 1 1                                       1                   
                  1 1 1 1 1                                   1                     
                1 1 1 1 1 1 1                               1                       
            1 1 1 1 1 1 1 1 1 1                           1                         
          1                   1 1                   1 1 1 1                         
        1                     1 1               1 1                                 
      1                       1 1             1                                     
                              1 1                                                   
                              1 1                             1                     
                              1 1                           1                       
                              1 1                         1                         
                            1 1 1 1 1 1 1 1 1 1 1 1 1 1 1                           
                          1 1 1 1                         1                         
                        1 1 1 1 1                           1                       
                    1 1 1 1 1 1 1                             1                     
              1 1 1               1                                                 
          1 1                       1                                               
        1                             1                                             
                                                                                    
                                                                                    
----------This print is after pass: 4 ----------
                                                                                    
                                                                                    
                                              1                                     
                                                1                                   
                                                  1                                 
                      1                             1                               
                      1                             1 1 1 1 1 1                     
                      1                           1             1                   
                      1                         1               1                   
                      1                       1                 1                   
                      1                                           1 1 1 1 1 1 1 1   
                      1                                         1                   
                      1                                         1                   
                      1                                       1                     
                  1 1 1 1 1                                 1                       
            1 1 1           1                             1                         
          1                   1                     1 1 1 1                         
        1                       1               1 1                                 
      1                         1             1                                     
                                1                                                   
                                1                             1                     
                                1                           1                       
                                1                         1                         
                                1 1 1 1 1 1 1 1 1 1 1 1 1                           
                              1                           1                         
                          1 1 1                             1                       
                    1 1 1       1                             1                     
              1 1 1               1                                                 
          1 1                       1                                               
        1                             1                                             
                                                                                    
                                                                                    
----------This print is after pass: 5 ----------
                                                                                    
                                                                                    
                                              1                                     
                                                1                                   
                                                  1                                 
                      1                             1                               
                      1                             1 1 1 1 1 1                     
                      1                           1             1                   
                      1                         1               1                   
                      1                       1                 1                   
                      1                                           1 1 1 1 1 1 1 1   
                      1                                         1                   
                      1                                         1                   
                      1                                       1                     
                  1 1 1 1 1                                 1                       
            1 1 1           1                             1                         
          1                   1                     1 1 1 1                         
        1                       1               1 1                                 
      1                         1             1                                     
                                1                                                   
                                1                             1                     
                                1                           1                       
                                1                         1                         
                                1 1 1 1 1 1 1 1 1 1 1 1 1                           
                              1                           1                         
                          1 1 1                             1                       
                    1 1 1       1                             1                     
              1 1 1               1                                                 
          1 1                       1                                               
        1                             1                                             
                                                                                    
                                                                                    
